@clients 20
1 Client 1
2 Client 2
3 Client 3
4 Client 4
5 Client 5
6 Client 6
7 Client 7
8 Client 8
9 Client 9
10 Client 10
11 Client 11
12 Client 12
13 Client 13
14 Client 14
15 Client 15
16 Client 16
17 Client 17
18 Client 18
19 Client 19
20 Client 20
@blocks 300
1 0.5 0.5 1.2 37.3 2.3
2 0.5 0.5 1.2 31.0 1.8
3 0.5 0.5 0.5 51.5 7.3
4 1.2 0.5 1.2 47.7 8.3
5 0.5 0.5 1.2 40.2 2.4
6 1.2 0.5 0.5 41.4 4.2
7 1.2 1.2 0.5 51.9 5.8
8 1.2 0.5 1.2 54.9 6.6
9 1.2 0.5 0.5 31.4 3.1
10 1.2 0.5 0.5 56.0 4.4
11 1.2 1.2 0.5 41.1 2.9
12 1.2 0.5 0.5 46.0 3.2
13 1.2 1.2 1.2 59.7 6.8
14 0.5 1.2 0.5 36.9 1.3
15 1.2 1.2 1.2 32.0 9.2
16 1.2 0.5 1.2 41.9 9.2
17 1.2 0.5 1.2 34.2 7.7
18 1.2 1.2 1.2 40.9 10.0
19 0.5 1.2 0.5 52.7 8.7
20 0.5 0.5 1.2 47.9 4.5
21 1.2 1.2 0.5 50.4 2.0
22 1.2 1.2 0.5 38.8 2.4
23 0.5 1.2 0.5 45.2 2.0
24 1.2 0.5 0.5 41.2 2.5
25 0.5 1.2 1.2 30.6 9.4
26 1.2 0.5 0.5 37.2 6.1
27 0.5 0.5 1.2 54.5 9.8
28 0.5 0.5 1.2 58.4 2.5
29 1.2 0.5 0.5 51.4 4.6
30 1.2 1.2 1.2 33.6 3.0
31 1.2 0.5 0.5 47.7 1.1
32 0.5 0.5 0.5 57.2 8.7
33 0.5 0.5 1.2 50.1 2.9
34 0.5 1.2 0.5 53.5 8.3
35 0.5 0.5 0.5 49.8 4.2
36 1.2 1.2 0.5 50.2 9.9
37 0.5 0.5 1.2 51.8 8.2
38 0.5 0.5 0.5 35.7 5.0
39 1.2 0.5 1.2 43.9 8.9
40 0.5 1.2 0.5 31.5 10.0
41 0.5 0.5 0.5 35.0 5.4
42 0.5 1.2 0.5 34.9 1.0
43 1.2 1.2 1.2 38.6 7.3
44 1.2 0.5 0.5 38.9 9.7
45 0.5 1.2 0.5 31.5 5.3
46 0.5 0.5 0.5 55.5 1.6
47 0.5 0.5 1.2 33.6 9.0
48 0.5 0.5 0.5 42.6 6.3
49 1.2 1.2 0.5 50.1 3.8
50 1.2 1.2 0.5 50.2 3.7
51 1.2 0.5 0.5 43.7 10.0
52 0.5 0.5 0.5 45.2 2.2
53 1.2 0.5 0.5 41.1 2.4
54 1.2 0.5 1.2 58.0 1.9
55 0.5 1.2 0.5 56.7 7.7
56 0.5 1.2 1.2 48.1 7.5
57 0.5 1.2 1.2 37.5 9.2
58 0.5 0.5 1.2 54.9 1.4
59 1.2 0.5 1.2 34.8 5.0
60 1.2 0.5 0.5 32.3 8.9
61 0.5 0.5 1.2 47.5 2.3
62 0.5 0.5 1.2 40.9 9.4
63 0.5 1.2 0.5 50.5 7.0
64 1.2 1.2 0.5 57.8 3.1
65 0.5 0.5 1.2 30.7 7.6
66 1.2 1.2 0.5 38.0 8.1
67 0.5 1.2 0.5 55.8 3.0
68 1.2 1.2 1.2 54.6 8.8
69 0.5 0.5 0.5 42.0 3.5
70 0.5 1.2 1.2 49.2 4.6
71 1.2 0.5 0.5 56.3 3.4
72 1.2 0.5 0.5 47.9 4.1
73 1.2 1.2 0.5 41.6 6.2
74 1.2 0.5 1.2 30.1 9.3
75 0.5 1.2 1.2 32.1 7.0
76 1.2 1.2 0.5 51.6 3.7
77 1.2 1.2 1.2 42.1 3.7
78 0.5 0.5 1.2 49.9 4.4
79 0.5 1.2 1.2 46.4 1.0
80 1.2 0.5 1.2 53.6 6.5
81 1.2 1.2 1.2 43.3 2.9
82 1.2 0.5 0.5 38.5 7.0
83 1.2 0.5 0.5 50.2 3.0
84 0.5 0.5 0.5 31.4 9.9
85 0.5 1.2 1.2 56.6 6.2
86 1.2 1.2 1.2 37.3 6.9
87 0.5 0.5 1.2 36.6 8.2
88 1.2 0.5 0.5 57.5 2.1
89 0.5 1.2 1.2 58.5 9.0
90 1.2 1.2 0.5 52.3 5.3
91 1.2 0.5 1.2 53.0 5.7
92 0.5 1.2 1.2 32.3 3.6
93 1.2 1.2 1.2 56.8 1.7
94 0.5 0.5 1.2 50.8 7.4
95 0.5 1.2 1.2 39.9 5.2
96 0.5 0.5 1.2 41.7 7.9
97 0.5 1.2 1.2 30.2 4.2
98 1.2 1.2 0.5 44.6 3.5
99 1.2 0.5 1.2 40.1 7.1
100 1.2 0.5 1.2 57.6 9.8
101 0.5 1.2 0.5 32.5 4.9
102 1.2 0.5 0.5 37.8 3.9
103 1.2 1.2 1.2 52.8 4.4
104 1.2 1.2 0.5 44.1 7.7
105 0.5 1.2 0.5 49.5 8.0
106 0.5 0.5 0.5 36.0 1.2
107 0.5 0.5 0.5 44.2 2.0
108 0.5 1.2 1.2 53.0 2.5
109 0.5 0.5 1.2 33.2 1.2
110 1.2 1.2 1.2 58.2 2.8
111 0.5 0.5 1.2 55.5 6.4
112 0.5 0.5 1.2 46.0 7.0
113 0.5 1.2 0.5 55.5 8.4
114 0.5 1.2 1.2 49.1 8.5
115 0.5 1.2 0.5 52.0 9.7
116 1.2 1.2 1.2 43.1 7.6
117 1.2 1.2 0.5 54.9 1.8
118 1.2 0.5 1.2 47.1 7.0
119 1.2 0.5 1.2 55.5 2.6
120 0.5 1.2 1.2 40.2 8.9
121 1.2 0.5 0.5 32.6 7.5
122 1.2 0.5 1.2 49.4 5.4
123 0.5 0.5 1.2 36.6 7.2
124 1.2 1.2 1.2 46.6 4.1
125 1.2 1.2 1.2 38.1 3.3
126 0.5 0.5 1.2 33.6 5.8
127 0.5 0.5 0.5 52.2 3.5
128 1.2 0.5 0.5 38.9 4.2
129 1.2 0.5 0.5 38.2 9.8
130 1.2 0.5 1.2 33.1 1.1
131 1.2 1.2 1.2 43.2 2.7
132 0.5 1.2 1.2 33.4 1.6
133 1.2 0.5 0.5 34.6 8.3
134 1.2 0.5 0.5 33.6 7.9
135 0.5 1.2 1.2 57.3 3.7
136 1.2 1.2 0.5 48.3 7.7
137 0.5 0.5 1.2 49.8 2.4
138 0.5 0.5 0.5 30.1 5.1
139 1.2 1.2 0.5 36.9 7.4
140 1.2 0.5 0.5 57.7 8.1
141 0.5 1.2 0.5 46.3 6.8
142 1.2 0.5 0.5 31.8 8.1
143 1.2 1.2 0.5 44.1 3.7
144 1.2 1.2 1.2 43.1 6.4
145 1.2 1.2 1.2 30.8 3.1
146 0.5 1.2 0.5 52.9 2.6
147 1.2 1.2 0.5 59.9 4.9
148 1.2 0.5 1.2 40.4 4.0
149 0.5 0.5 1.2 42.3 5.5
150 1.2 0.5 1.2 32.6 3.3
151 0.5 1.2 0.5 49.7 5.9
152 1.2 0.5 0.5 45.6 6.6
153 1.2 1.2 0.5 36.1 5.9
154 1.2 1.2 1.2 33.6 9.8
155 0.5 0.5 1.2 46.5 6.0
156 0.5 0.5 0.5 43.8 2.1
157 0.5 1.2 1.2 45.3 3.5
158 1.2 1.2 0.5 43.7 2.3
159 0.5 0.5 0.5 38.3 8.1
160 1.2 1.2 1.2 54.6 3.5
161 1.2 1.2 0.5 43.4 5.4
162 1.2 1.2 1.2 58.0 8.8
163 0.5 1.2 0.5 55.7 4.7
164 1.2 1.2 1.2 41.6 7.0
165 0.5 1.2 0.5 33.8 9.7
166 1.2 0.5 1.2 33.0 9.2
167 0.5 0.5 1.2 56.1 9.7
168 0.5 1.2 1.2 40.2 7.2
169 0.5 1.2 1.2 58.6 6.6
170 1.2 0.5 0.5 37.0 7.2
171 1.2 0.5 0.5 43.0 1.9
172 0.5 1.2 0.5 50.8 9.1
173 0.5 1.2 0.5 38.8 4.4
174 0.5 0.5 1.2 47.0 8.1
175 0.5 0.5 0.5 48.3 4.4
176 0.5 1.2 0.5 37.0 6.7
177 1.2 1.2 0.5 57.0 5.2
178 1.2 0.5 0.5 43.3 4.1
179 1.2 1.2 1.2 43.7 3.7
180 1.2 1.2 0.5 37.1 6.1
181 1.2 1.2 0.5 59.3 6.9
182 1.2 0.5 0.5 57.3 7.7
183 1.2 0.5 1.2 36.6 2.7
184 1.2 0.5 0.5 57.1 6.8
185 1.2 1.2 0.5 47.4 7.6
186 0.5 1.2 1.2 52.4 2.6
187 0.5 1.2 1.2 54.9 3.3
188 1.2 1.2 1.2 54.1 5.2
189 0.5 0.5 0.5 55.8 7.5
190 1.2 1.2 0.5 53.7 1.1
191 0.5 1.2 1.2 50.2 7.1
192 1.2 1.2 0.5 50.2 5.2
193 1.2 0.5 0.5 49.1 5.2
194 1.2 1.2 0.5 34.2 9.5
195 1.2 1.2 0.5 32.9 9.0
196 0.5 1.2 1.2 41.1 9.5
197 1.2 0.5 1.2 49.6 8.5
198 1.2 1.2 0.5 50.7 3.0
199 1.2 0.5 1.2 33.0 7.2
200 1.2 0.5 1.2 38.3 9.7
201 1.2 0.5 0.5 49.3 6.4
202 0.5 0.5 1.2 37.3 2.1
203 0.5 0.5 0.5 47.6 8.3
204 0.5 1.2 0.5 53.7 6.4
205 1.2 0.5 0.5 46.2 8.2
206 0.5 0.5 0.5 30.4 8.1
207 0.5 1.2 0.5 35.2 1.5
208 1.2 0.5 0.5 44.3 8.0
209 0.5 1.2 0.5 58.4 1.4
210 1.2 1.2 0.5 31.8 5.3
211 1.2 1.2 0.5 44.7 9.2
212 0.5 0.5 1.2 48.2 1.6
213 1.2 1.2 1.2 59.8 5.8
214 1.2 1.2 0.5 53.8 2.0
215 0.5 1.2 1.2 56.6 4.7
216 1.2 1.2 1.2 51.9 3.8
217 1.2 1.2 1.2 58.6 7.2
218 1.2 0.5 0.5 55.0 1.8
219 0.5 1.2 0.5 46.7 6.3
220 1.2 0.5 1.2 40.6 7.0
221 1.2 0.5 1.2 48.0 4.2
222 0.5 0.5 1.2 36.7 2.0
223 1.2 0.5 1.2 47.2 8.3
224 0.5 1.2 0.5 35.4 7.3
225 1.2 1.2 1.2 30.2 8.8
226 1.2 0.5 0.5 52.2 9.7
227 0.5 0.5 1.2 42.6 4.1
228 1.2 1.2 1.2 53.3 6.1
229 0.5 0.5 0.5 34.7 6.6
230 0.5 1.2 1.2 49.9 5.4
231 1.2 1.2 1.2 36.5 5.6
232 1.2 1.2 0.5 38.5 7.1
233 1.2 1.2 0.5 36.6 9.9
234 0.5 0.5 0.5 39.0 2.9
235 0.5 1.2 1.2 39.8 1.1
236 1.2 0.5 0.5 41.4 7.3
237 1.2 0.5 1.2 55.9 1.4
238 0.5 1.2 0.5 55.9 6.2
239 1.2 1.2 1.2 33.5 1.2
240 1.2 0.5 1.2 55.0 9.3
241 0.5 1.2 0.5 37.3 6.3
242 0.5 1.2 1.2 52.4 3.0
243 0.5 0.5 0.5 45.9 2.7
244 1.2 1.2 0.5 37.1 2.3
245 0.5 0.5 0.5 52.8 6.9
246 0.5 1.2 1.2 52.6 7.8
247 1.2 1.2 1.2 34.5 1.6
248 1.2 1.2 1.2 47.7 4.2
249 0.5 1.2 1.2 43.6 1.5
250 1.2 0.5 0.5 48.5 5.6
251 1.2 0.5 1.2 57.3 6.1
252 0.5 1.2 1.2 45.0 9.6
253 1.2 0.5 1.2 59.5 1.8
254 0.5 0.5 0.5 51.2 9.9
255 0.5 1.2 1.2 57.5 4.5
256 1.2 0.5 1.2 32.0 1.9
257 1.2 1.2 1.2 51.7 6.9
258 0.5 1.2 0.5 47.5 2.3
259 1.2 1.2 1.2 33.9 7.4
260 0.5 1.2 1.2 49.3 4.0
261 0.5 0.5 1.2 45.3 1.2
262 1.2 0.5 0.5 40.3 7.9
263 0.5 0.5 0.5 34.6 3.7
264 0.5 0.5 1.2 56.3 6.6
265 1.2 0.5 0.5 35.4 7.2
266 0.5 1.2 0.5 42.3 7.1
267 0.5 1.2 1.2 52.6 8.1
268 0.5 0.5 1.2 59.0 8.1
269 0.5 1.2 1.2 43.9 3.5
270 1.2 1.2 0.5 54.5 8.2
271 0.5 1.2 0.5 49.2 8.9
272 0.5 0.5 1.2 32.5 2.4
273 1.2 0.5 1.2 32.8 9.2
274 1.2 1.2 0.5 42.4 4.6
275 1.2 0.5 1.2 59.8 4.4
276 0.5 1.2 0.5 55.2 6.8
277 0.5 0.5 0.5 38.6 8.5
278 0.5 1.2 1.2 48.5 9.2
279 0.5 1.2 0.5 55.0 5.9
280 1.2 0.5 1.2 37.1 2.1
281 0.5 1.2 1.2 31.9 8.5
282 1.2 0.5 0.5 51.6 3.6
283 0.5 1.2 0.5 47.1 2.7
284 0.5 1.2 0.5 58.6 5.9
285 0.5 1.2 1.2 31.3 4.5
286 1.2 1.2 0.5 40.7 1.6
287 0.5 0.5 1.2 34.0 4.2
288 1.2 0.5 1.2 59.4 5.3
289 0.5 0.5 0.5 51.5 9.5
290 0.5 1.2 0.5 31.3 2.8
291 0.5 1.2 1.2 45.5 9.9
292 1.2 1.2 0.5 52.6 2.7
293 1.2 0.5 1.2 38.2 8.2
294 1.2 1.2 1.2 56.8 4.5
295 0.5 1.2 1.2 41.0 8.2
296 1.2 0.5 1.2 32.4 6.4
297 0.5 1.2 1.2 33.1 4.0
298 1.2 1.2 1.2 48.1 4.8
299 1.2 1.2 1.2 31.3 8.8
300 1.2 1.2 1.2 49.2 8.1
@transport_units 8
1 2.06 2.34 5.81 3901 0
2 2.8 2.34 6.91 2384 0
3 2.85 2.34 5.88 2317 0
4 2.07 2.39 5.73 3368 0
5 2.95 2.02 5.31 3642 0
6 2.95 2.19 6.53 2363 0
7 2.53 2.2 6.3 2822 0
8 2.96 2.01 5.37 3920 0
@routes 6
1 4
19 16
12 14
14 13
1 16
2 4
9 20
4 19
6 8
1 20
3 4
16 15
10 11
20 16
1 15
4 4
17 18
11 6
3 12
1 9
5 4
15 5
18 13
5 18
1 14
6 3
2 9
13 11
1 15
@orders 50
1 14 9 1
1 afternoon 2024-09-21 3
1
2
3
2 16 4 3
2 afternoon 2024-09-21 4
4
5
6
7
3 morning 2024-09-21 1
8
4 morning 2024-09-21 1
9
3 16 3 3
5 afternoon 2024-09-21 1
10
6 null 2024-09-21 3
11
12
13
7 null 2024-09-21 3
14
15
16
4 4 9 3
8 afternoon 2024-09-21 3
17
18
19
9 morning 2024-09-21 2
20
21
10 afternoon 2024-09-21 5
22
23
24
25
26
5 9 2 1
11 morning 2024-09-21 2
27
28
6 17 1 2
12 null 2024-09-21 5
29
30
31
32
33
13 afternoon 2024-09-21 4
34
35
36
37
7 19 3 3
14 morning 2024-09-21 1
38
15 afternoon 2024-09-21 4
39
40
41
42
16 null 2024-09-21 4
43
44
45
46
8 18 7 2
17 null 2024-09-21 1
47
18 morning 2024-09-21 3
48
49
50
9 4 8 2
19 null 2024-09-21 5
51
52
53
54
55
20 afternoon 2024-09-21 2
56
57
10 19 10 1
21 morning 2024-09-21 4
58
59
60
61
11 18 1 1
22 null 2024-09-21 2
62
63
12 11 3 1
23 afternoon 2024-09-21 2
64
65
13 13 9 2
24 morning 2024-09-21 3
66
67
68
25 morning 2024-09-21 5
69
70
71
72
73
14 10 3 3
26 afternoon 2024-09-21 5
74
75
76
77
78
27 null 2024-09-21 1
79
28 null 2024-09-21 2
80
81
15 20 10 1
29 morning 2024-09-21 5
82
83
84
85
86
16 12 10 1
30 morning 2024-09-21 1
87
17 3 10 2
31 null 2024-09-21 2
88
89
32 null 2024-09-21 4
90
91
92
93
18 2 8 3
33 null 2024-09-21 3
94
95
96
34 null 2024-09-21 3
97
98
99
35 afternoon 2024-09-21 2
100
101
19 14 5 2
36 morning 2024-09-21 1
102
37 morning 2024-09-21 4
103
104
105
106
20 15 8 2
38 morning 2024-09-21 3
107
108
109
39 null 2024-09-21 2
110
111
21 12 6 3
40 afternoon 2024-09-21 4
112
113
114
115
41 morning 2024-09-21 3
116
117
118
42 null 2024-09-21 5
119
120
121
122
123
22 5 6 1
43 afternoon 2024-09-21 1
124
23 10 8 1
44 morning 2024-09-21 1
125
24 3 5 2
45 null 2024-09-21 4
126
127
128
129
46 morning 2024-09-21 2
130
131
25 12 10 3
47 afternoon 2024-09-21 2
132
133
48 morning 2024-09-21 4
134
135
136
137
49 null 2024-09-21 4
138
139
140
141
26 17 5 2
50 morning 2024-09-21 1
142
51 afternoon 2024-09-21 5
143
144
145
146
147
27 16 4 1
52 null 2024-09-21 3
148
149
150
28 3 1 2
53 afternoon 2024-09-21 5
151
152
153
154
155
54 null 2024-09-21 4
156
157
158
159
29 11 9 1
55 morning 2024-09-21 4
160
161
162
163
30 6 5 3
56 afternoon 2024-09-21 4
164
165
166
167
57 afternoon 2024-09-21 1
168
58 afternoon 2024-09-21 1
169
31 20 9 1
59 afternoon 2024-09-21 5
170
171
172
173
174
32 11 2 2
60 null 2024-09-21 4
175
176
177
178
61 null 2024-09-21 3
179
180
181
33 5 3 1
62 afternoon 2024-09-21 3
182
183
184
34 12 9 2
63 morning 2024-09-21 2
185
186
64 null 2024-09-21 5
187
188
189
190
191
35 14 9 1
65 morning 2024-09-21 1
192
36 6 6 2
66 null 2024-09-21 4
193
194
195
196
67 morning 2024-09-21 5
197
198
199
200
201
37 18 3 2
68 null 2024-09-21 3
202
203
204
69 morning 2024-09-21 4
205
206
207
208
38 11 10 2
70 null 2024-09-21 5
209
210
211
212
213
71 null 2024-09-21 4
214
215
216
217
39 20 5 2
72 morning 2024-09-21 3
218
219
220
73 afternoon 2024-09-21 1
221
40 15 10 2
74 null 2024-09-21 1
222
75 null 2024-09-21 4
223
224
225
226
41 10 10 3
76 morning 2024-09-21 1
227
77 null 2024-09-21 4
228
229
230
231
78 morning 2024-09-21 5
232
233
234
235
236
42 14 3 3
79 morning 2024-09-21 1
237
80 null 2024-09-21 1
238
81 morning 2024-09-21 1
239
43 16 6 2
82 morning 2024-09-21 4
240
241
242
243
83 null 2024-09-21 2
244
245
44 15 9 3
84 afternoon 2024-09-21 1
246
85 null 2024-09-21 2
247
248
86 null 2024-09-21 2
249
250
45 19 6 3
87 afternoon 2024-09-21 5
251
252
253
254
255
88 afternoon 2024-09-21 3
256
257
258
89 morning 2024-09-21 4
259
260
261
262
46 19 6 3
90 afternoon 2024-09-21 3
263
264
265
91 null 2024-09-21 4
266
267
268
269
92 morning 2024-09-21 2
270
271
47 10 9 2
93 morning 2024-09-21 3
272
273
274
94 afternoon 2024-09-21 2
275
276
48 17 6 2
95 afternoon 2024-09-21 5
277
278
279
280
281
96 null 2024-09-21 3
282
283
284
49 11 2 3
97 null 2024-09-21 5
285
286
287
288
289
98 afternoon 2024-09-21 4
290
291
292
293
99 afternoon 2024-09-21 2
294
295
50 11 1 2
100 null 2024-09-21 1
296
101 afternoon 2024-09-21 4
297
298
299
300
