@clients 6
1 Dispatch Center
2 Client 2
3 Client 3
4 Client 4
5 Client 5
6 Client 6
@blocks 20
1 1.18 0.52 0.78 53.5 8.8
2 0.57 1.05 0.57 45.8 6.7
3 0.91 0.98 0.86 49.1 8.4
4 0.89 0.82 1.02 53.8 6.8
5 1.13 1.17 1.1 54.8 9.3
6 0.71 0.99 1.09 38.6 6.8
7 0.85 0.65 0.57 54.9 2.3
8 0.89 0.61 1.06 49.5 7.3
9 1.07 0.91 1.09 55.5 2.0
10 0.54 1.11 0.69 33.5 8.6
11 0.63 0.74 0.71 44.8 8.8
12 0.96 0.86 1.05 34.0 4.1
13 0.88 0.68 0.82 49.8 8.7
14 0.65 1.09 0.65 49.1 5.1
15 1.0 1.11 1.02 56.6 5.2
16 0.94 0.68 0.98 27.1 3.2
17 0.57 0.87 0.66 15.3 5.6
18 1.05 0.72 0.76 30.3 8.9
19 1.11 0.75 0.98 33.2 5.2
20 0.89 0.79 0.69 38.1 6.0
@transport_units 3
1 2.5 2.4 6.0 3500 0
2 2.5 2.4 6.0 3500 0
3 2.5 2.4 6.0 3500 0
@routes 9
1 3
3 26
6 26
1 26
2 4
4 15
5 20
2 14
1 40
@orders 21
1 4 3 1
1 morning 2024-09-21 2
19
11
2 4 9 1
2 afternoon 2024-09-25 2
20
2
3 5 10 2
3 afternoon 2024-09-22 1
7
4 null 2024-09-25 2
15
3
4 5 3 1
5 afternoon 2024-09-26 2
18
9
5 6 2 1
6 afternoon 2024-09-21 1
14