@clients 6
1 Dispatch Center
2 Client 2
3 Client 3
4 Client 4
5 Client 5
6 Client 6
@blocks 30
1 1.00 1.00 1.00 400.0 5.0
2 1.00 1.00 1.00 400.0 5.0
3 1.00 1.00 1.00 400.0 5.0
4 1.00 1.00 1.00 400.0 5.0
5 1.00 1.00 1.00 400.0 5.0
6 1.00 1.00 1.00 400.0 5.0
7 1.00 1.00 1.00 400.0 5.0
8 1.00 1.00 1.00 400.0 5.0
9 1.00 1.00 1.00 400.0 5.0
10 1.00 1.00 1.00 400.0 5.0
11 1.00 1.00 1.00 400.0 5.0
12 1.00 1.00 1.00 400.0 5.0
13 1.00 1.00 1.00 400.0 5.0
14 1.00 1.00 1.00 400.0 5.0
15 1.00 1.00 1.00 400.0 5.0
16 1.00 1.00 1.00 400.0 5.0
17 1.00 1.00 1.00 400.0 5.0
18 1.00 1.00 1.00 400.0 5.0
19 1.00 1.00 1.00 400.0 5.0
20 1.00 1.00 1.00 400.0 5.0
21 1.00 1.00 1.00 400.0 5.0
22 1.00 1.00 1.00 400.0 5.0
23 1.00 1.00 1.00 400.0 5.0
24 1.00 1.00 1.00 400.0 5.0
25 1.00 1.00 1.00 400.0 5.0
26 1.00 1.00 1.00 400.0 5.0
27 1.00 1.00 1.00 400.0 5.0
28 1.00 1.00 1.00 400.0 5.0
29 1.00 1.00 1.00 400.0 5.0
30 1.00 1.00 1.00 400.0 5.0
@transport_units 3
1 2.5 2.4 6.0 2000 500
2 2.0 2.2 5.5 1800 400
3 3.0 2.5 6.5 4000 1000
@routes 3
1 3
2 30
3 20
1 30
2 4
4 20
5 25
2 25
1 40
@orders 5
1 4 3 1
1 morning 2024-09-21 6
1
2
3
4
5
6
2 5 5 1
2 morning 2024-09-21 6
7
8
9
10
11
12
3 6 5 1
3 morning 2024-09-21 6
13
14
15
16
17
18
4 3 4 1
4 morning 2024-09-21 6
19
20
21
22
23
24
5 2 6 1
5 morning 2024-09-21 6
25
26
27
28
29
30